[guid]
        guid_g0                          = 5730902926000145350
        guid_g1                          = 3846799431945762467
 
[main]
        flags                            = 0
        glow_tool_version                = 0
        objects_count                    = 1
 
[modif]
        name                             =
        time                             = 0
 
[object_0]
        clsid                            = 1
        co_flags                         = 0
        flags                            = 0
        name                             = glow
        position                         = -0.653852, 1.000000, 3.478776
        radius                           = 0.500000
        rotation                         = 0.000000, 0.000000, 0.000000
        scale                            = 0.500000, 0.500000, 0.500000
        shader_name                      = effects\glow
        texture_name                     = glow\glow_fire1
        version                          = 18
 
