[guid]
        guid_g0                          = 5730902926000145350
        guid_g1                          = 3846799431945762467
 
[lcontrols]
        $hemi                            = 1
        $static                          = 0
        $sun                             = 2
 
[main]
        flags                            = 0
        lcontrol_last_idx                = 3
        objects_count                    = 2
        sun_shadow_dir                   = -0.557458, 1.745329
        version                          = 0
 
[modif]
        name                             =
        time                             = 0
 
[object_0]
        anim_ref_name                    =
        attenuation0                     = 1.000000
        attenuation1                     = 1.000000
        attenuation2                     = 1.000000
        brightness                       = 0.500000
        clsid                            = 3
        co_flags                         = 0
        color                            = 0.497409, 1.000000, 0.960938, 0.000000
        cone                             = 0.392699
        fallof_texture                   =
        light_control                    = 0
        light_flags                      = 1
        name                             = light
        position                         = -8.200000, 1.700000, -9.800000
        range                            = 7.500000
        rotation                         = 0.000000, 0.000000, 0.000000
        scale                            = 1.000000, 1.000000, 1.000000
        type                             = 1
        use_in_d3d                       = on
        version                          = 17
        virtual_size                     = 0.000000
 
[object_1]
        anim_ref_name                    =
        attenuation0                     = 1.000000
        attenuation1                     = 1.000000
        attenuation2                     = 1.000000
        brightness                       = 0.500000
        clsid                            = 3
        co_flags                         = 0
        color                            = 1.000000, 0.760343, 0.414508, 0.000000
        cone                             = 0.392699
        fallof_texture                   =
        light_control                    = 0
        light_flags                      = 1
        name                             = light_00
        position                         = 4.700000, 1.700000, -3.300000
        range                            = 15.000000
        rotation                         = 0.000000, 0.000000, 0.000000
        scale                            = 1.000000, 1.000000, 1.000000
        type                             = 1
        use_in_d3d                       = on
        version                          = 17
        virtual_size                     = 0.000000
 
